1    "SPPR"     0.715385    0.172222 
2    "AOMR"     0.676923    0.305555 
3    "MORK"     0.673077    0.377778 
4    "SEND"     0.653846    0.455556 
5    "AKIT"     0.642308    0.361111 
6    "YMGT"     0.634615    0.450000 
7    "FKSM"     0.632692    0.477778 
8    "MITO"     0.621154    0.555556 
9    "UTNM"     0.600000    0.544444 
10   "MABS"     0.576923    0.541667 
11   "OMIY"     0.590385    0.575000 
12   "CHIB"     0.601923    0.597222 
13   "TKYE"     0.588462    0.586111 
14   "TKYW"     0.578846    0.583333 
15   "YKHM"     0.586538    0.600000 
16   "NIGT"     0.588462    0.455556
17   "TOYM"     0.523077    0.502778
18   "KNZW"     0.501923    0.500000
19   "FUKI"     0.486538    0.522222
20   "KOFU"     0.555769    0.577778
21   "NAGN"     0.553846    0.513889
22   "GIFU"     0.496154    0.566667
23   "SHZK"     0.540385    0.611111
24   "NAGY"     0.496154    0.583333
25   "TSU"      0.480769    0.605556
26   "OTSU"     0.465385    0.580555
27   "KYOT"     0.459615    0.580556
28   "OSAK"     0.448077    0.594444
29   "KOBE"     0.440385    0.588889
30   "NARA"     0.459615    0.602778
31   "WKYM"     0.434615    0.613888
32   "TOTR"     0.419231    0.533333
33   "MATE"     0.380769    0.519444
34   "OKYM"     0.400000    0.577778
35   "HRSM"     0.351923    0.575000
36   "YMGC"     0.317308    0.577778
37   "TKSM"     0.413462    0.616667
38   "TKMT"     0.401923    0.597222
39   "MTYM"     0.355769    0.605556
40   "KOCI"     0.375000    0.633333
41   "HAKT"     0.280769    0.597222
42   "SAGA"     0.271154    0.613889 
43   "NGSK"     0.255769    0.630556 
44   "KMMT"     0.280769    0.641667 
45   "OITA"     0.315385    0.627778 
46   "MYZK"     0.292308    0.697222 
47   "KGSM"     0.267308    0.700000 
48   "NAHA"     0.109615    0.944444 
